![wpn_rpg7]
lewd_lens_hide_enabled       = true
lewd_lens_hide_bone          = lens
lewd_lens_hide_delays        = 0.1,0
lewd_lens_hide_aim_mode      = true, false, false
![wpn_rpg7_hud]
        lowered_hud_offset_pos           = 0.033095, 0.068635, 0.016184
        lowered_hud_offset_pos_16x9      = 0.033095, 0.068635, 0.016184
        lowered_hud_offset_rot           = 0.563922, -0.034504, 0.107896
        lowered_hud_offset_rot_16x9      = 0.563922, -0.034504, 0.107896
		
![wpn_rpg7_pgo7gs]

	s3ds_reticle_size 	= 3.7
	s3ds_eye_relief 	= 2
	s3ds_exit_pupil		= 0.47	
	s3ds_chroma_power	= 0.04	
	magnification 		= 4	
	
        scope_zoom_factor                = 30
        scope_texture                    =
![wpn_rpg7_pgo7gs_hud]
item_visual                		= anomaly_weapons\wpn_rpg7\wpn_rpg7_pgo_hud.ogf
        aim_hud_offset_alt_pos           = -0.047142, -0.048459, -0.02
        aim_hud_offset_alt_pos_16x9      = -0.047142, -0.048459, -0.02
        aim_hud_offset_alt_rot           = -0.03176, -0.00203, 0.5
        aim_hud_offset_alt_rot_16x9      = -0.03176, -0.00203, 0.5
        aim_hud_offset_pos               = -0.014617, -0.024679, -0.193219
        aim_hud_offset_pos_16x9          = -0.014617, -0.024679, -0.193219
        aim_hud_offset_rot               = -0.04255, -0.006073, 0
        aim_hud_offset_rot_16x9          = -0.04255, -0.006073, 0
        lowered_hud_offset_pos           = 0.033095, 0.068635, 0.016184
        lowered_hud_offset_pos_16x9      = 0.033095, 0.068635, 0.016184
        lowered_hud_offset_rot           = 0.563922, -0.034504, 0.107896
        lowered_hud_offset_rot_16x9      = 0.563922, -0.034504, 0.107896		